#CId	PlId	SegId	AorT	UorD	p0	p1
#BHT
1	0	0	0	0	0.0	9.045030193877437
1	0	1	0	0	0.0	8.467068235651345
1	0	2	0	0	0.0	9.770301485766666
1	0	3	0	0	0.0	8.785691585731863
1	0	4	0	0	0.0	9.247640103119826
1	0	5	0	0	0.0	9.03095767227441
1	0	6	0	0	0.0	9.53671985336447
1	0	7	0	0	0.0	7.736274568586089
1	0	8	0	0	0.0	9.357941800702656
1	0	9	0	0	0.0	8.362592956247955
1	0	10	0	0	0.0	9.036743207998878
1	0	11	0	0	0.0	8.140161325968055
1	0	12	0	0	0.0	9.510764122618312
1	0	13	0	0	0.0	8.395751187954307
1	0	14	0	0	0.0	9.41651984973925
1	0	15	0	0	0.0	7.921128461797813
1	0	16	0	0	0.0	8.90417156599295
1	0	17	0	0	0.0	8.570590957088479
1	0	18	0	0	0.0	9.017089274700163
1	0	19	0	0	0.0	8.205087440146743
1	0	20	0	0	0.0	8.786142746903058
1	0	21	0	0	0.0	8.698243265598201
1	0	22	0	0	0.0	8.80374073279019
1	0	23	0	0	0.0	7.723522126750803
1	0	24	0	0	0.0	9.016893273493036
1	0	25	0	0	0.0	8.720572878134432
1	0	26	0	0	0.0	9.026042415854436
1	0	27	0	0	0.0	8.292459282835619
1	0	28	0	0	0.0	8.91527609228425
1	0	29	0	0	0.0	9.04299230560461
1	0	30	0	0	0.0	8.867376417565682
1	0	31	0	0	0.0	8.392002554196056
1	0	32	0	0	0.0	9.102766031543732
1	0	33	0	0	0.0	8.78778943321125
1	0	34	0	0	0.0	8.950880673537794
1	0	35	0	0	0.0	8.367630560343521
1	0	36	0	0	0.0	9.146573698537454
1	0	37	0	0	0.0	8.606198246549871
1	0	38	0	0	0.0	8.840537118585397
1	0	39	0	0	0.0	8.391938899581248
1	0	40	0	0	0.0	9.10208596958381
1	0	41	0	0	0.0	8.470374656968126
1	0	42	0	0	0.0	9.208184080660036
1	0	43	0	0	0.0	8.421333653286332
1	0	44	0	0	0.0	9.164000512917479
1	0	45	0	0	0.0	8.750264659405063
1	0	46	0	0	0.0	9.082648536397544
1	0	47	0	0	0.0	8.744403064399814
1	0	48	0	0	0.0	9.518667150368822
1	0	49	0	0	0.0	8.910556847159949
1	0	50	0	0	0.0	9.070307907234376
1	0	51	0	0	0.0	8.207452465072658
1	0	52	0	0	0.0	9.24533511609393
1	0	53	0	0	0.0	8.793907170971115
1	0	54	0	0	0.0	9.437895539755717
1	0	55	0	0	0.0	8.351309073407828
1	0	56	0	0	0.0	9.381790161173301
1	0	57	0	0	0.0	9.076408546169395
1	0	58	0	0	0.0	9.090567079704606
1	0	59	0	0	0.0	8.328418595397038
1	0	60	0	0	0.0	9.503389464399918
1	0	61	0	0	0.0	9.356934485364146
1	0	62	0	0	0.0	9.72254462986999
1	0	0	0	1	0.0	9.423509258564232
1	0	1	0	1	0.0	9.760976627748366
1	0	2	0	1	0.0	9.86727640359615
1	0	3	0	1	0.0	9.786556420663906
1	0	4	0	1	0.0	9.095124072507918
1	0	5	0	1	0.0	9.471598630886659
1	0	6	0	1	0.0	9.53030117554252
1	0	7	0	1	0.0	8.662517654950314
1	0	8	0	1	0.0	8.917913372773672
1	0	9	0	1	0.0	8.795727184437506
1	0	10	0	1	0.0	8.975592342300544
1	0	11	0	1	0.0	8.907757268776548
1	0	12	0	1	0.0	9.140928791659695
1	0	13	0	1	0.0	8.700025295718746
1	0	14	0	1	0.0	8.634231507503344
1	0	15	0	1	0.0	8.970892197850363
1	0	16	0	1	0.0	8.93541441845552
1	0	17	0	1	0.0	9.049895176047858
1	0	18	0	1	0.0	9.208315098404578
1	0	19	0	1	0.0	9.193395573303087
1	0	20	0	1	0.0	8.983182722226642
1	0	21	0	1	0.0	8.937501778807627
1	0	22	0	1	0.0	9.02144173308479
1	0	23	0	1	0.0	8.858624938156025
1	0	24	0	1	0.0	8.711233051691355
1	0	25	0	1	0.0	8.813365019072265
1	0	26	0	1	0.0	8.773350258951256
1	0	27	0	1	0.0	8.980626683003992
1	0	28	0	1	0.0	8.913428481285104
1	0	29	0	1	0.0	9.07528973862723
1	0	30	0	1	0.0	9.020847334663376
1	0	31	0	1	0.0	9.021822918444876
1	0	32	0	1	0.0	8.950392522625853
1	0	33	0	1	0.0	8.820209277077486
1	0	34	0	1	0.0	8.865200363715507
1	0	35	0	1	0.0	8.734540224112266
1	0	36	0	1	0.0	8.966661250951104
1	0	37	0	1	0.0	8.677763299777842
1	0	38	0	1	0.0	8.805893284765956
1	0	39	0	1	0.0	8.915800606660783
1	0	40	0	1	0.0	8.696436497293169
1	0	41	0	1	0.0	8.591223551642509
1	0	42	0	1	0.0	9.081785441707973
1	0	43	0	1	0.0	8.752613395138656
1	0	44	0	1	0.0	8.839930853967273
1	0	45	0	1	0.0	8.711864561450625
1	0	46	0	1	0.0	8.844411510033275
1	0	47	0	1	0.0	9.103745107210194
1	0	48	0	1	0.0	9.138961801091101
1	0	49	0	1	0.0	9.136583550421012
1	0	50	0	1	0.0	8.784377478064464
1	0	51	0	1	0.0	8.532770749051748
1	0	52	0	1	0.0	8.762528180497325
1	0	53	0	1	0.0	8.701163023975415
1	0	54	0	1	0.0	9.238427074261304
1	0	55	0	1	0.0	9.120435324859065
1	0	56	0	1	0.0	8.20795929571016
1	0	57	0	1	0.0	8.95338802231542
1	0	58	0	1	0.0	8.566866573331435
1	0	59	0	1	0.0	9.027080474960435
1	0	60	0	1	0.0	8.807435310385578
1	0	61	0	1	0.0	9.125514606642291
1	0	62	0	1	0.0	9.027162754844243
1	0	0	1	0	1417765.2	-0.0009765625
1	0	1	1	0	1417753.2432432433	-0.0009765625
1	0	2	1	0	1417865.2083333333	-0.0009765625
1	0	3	1	0	1417146.9767441861	-0.0009765625
1	0	4	1	0	1417574.1666666667	-0.0009765625
1	0	5	1	0	1417720.243902439	-0.0009765625
1	0	6	1	0	1416980.6382978724	-0.0009765625
1	0	7	1	0	1417181.0344827587	-0.0009765625
1	0	8	1	0	1416901.111111111	-0.0009765625
1	0	9	1	0	1417896.6666666667	-0.0009765625
1	0	10	1	0	1417750.168067227	-0.0009765625
1	0	11	1	0	1417547.972972973	-0.0009765625
1	0	12	1	0	1417278.2352941176	-0.0009765625
1	0	13	1	0	1418242.1912350599	-0.0009765625
1	0	14	1	0	1418228.988423621	-0.0009765625
1	0	15	1	0	1418629.6178619755	-0.0009765625
1	0	16	1	0	1418277.1632447632	-0.0009765625
1	0	17	1	0	1419262.0661610644	-0.0009765625
1	0	18	1	0	1418830.7615287027	-0.0009765625
1	0	19	1	0	1419086.860794662	-0.0009765625
1	0	20	1	0	1419525.1413092143	-0.0009765625
1	0	21	1	0	1419628.2923960106	-0.0009765625
1	0	22	1	0	1419810.0659263297	-0.0009765625
1	0	23	1	0	1419104.366500368	-0.0009765625
1	0	24	1	0	1419277.1472703023	-0.0009765625
1	0	25	1	0	1419597.1103416823	-0.0009765625
1	0	26	1	0	1419727.2337042962	-0.0009765625
1	0	27	1	0	1419140.3569947216	-0.0009765625
1	0	28	1	0	1419505.9155864094	-0.0009765625
1	0	29	1	0	1419555.0642610271	-0.0009765625
1	0	30	1	0	1419716.8464233736	-0.0009765625
1	0	31	1	0	1417952.0756800948	-0.0009765625
1	0	32	1	0	1418392.4871426322	-0.0009765625
1	0	33	1	0	1418224.4831731385	-0.0009765625
1	0	34	1	0	1418764.0380202418	-0.0009765625
1	0	35	1	0	1418965.20751722	-0.0009765625
1	0	36	1	0	1418767.0453549484	-0.0009765625
1	0	37	1	0	1419213.7165213253	-0.0009765625
1	0	38	1	0	1418789.9693720876	-0.0009765625
1	0	39	1	0	1419089.089017122	-0.0009765625
1	0	40	1	0	1418376.767384299	-0.0009765625
1	0	41	1	0	1419068.2578913074	-0.0009765625
1	0	42	1	0	1418724.6244595412	-0.0009765625
1	0	43	1	0	1419242.3201779833	-0.0009765625
1	0	44	1	0	1418553.7990719592	-0.0009765625
1	0	45	1	0	1419341.736577551	-0.0009765625
1	0	46	1	0	1418566.5072525437	-0.0009765625
1	0	47	1	0	1419017.3164402575	-0.0009765625
1	0	48	1	0	1418443.8265814255	-0.0009765625
1	0	49	1	0	1419280.610489829	-0.0009765625
1	0	50	1	0	1418662.3548721464	-0.0009765625
1	0	51	1	0	1418854.9312946242	-0.0009765625
1	0	52	1	0	1418776.1675116704	-0.0009765625
1	0	53	1	0	1419453.0425659006	-0.0009765625
1	0	54	1	0	1419005.7840983504	-0.0009765625
1	0	55	1	0	1419135.5402021513	-0.0009765625
1	0	56	1	0	1418773.331408457	-0.0009765625
1	0	57	1	0	1419578.7986571388	-0.0009765625
1	0	58	1	0	1419070.679654931	-0.0009765625
1	0	59	1	0	1419300.6274525241	-0.0009765625
1	0	60	1	0	1418933.1288403682	-0.0009765625
1	0	61	1	0	1419591.5901286157	-0.0009765625
1	0	62	1	0	1419097.1961865816	-0.0009765625
1	0	0	1	1	1419526.5789473683	-0.0009765625
1	0	1	1	1	1419928.4615384615	-0.0009765625
1	0	2	1	1	1419083.3333333333	-0.0009765625
1	0	3	1	1	1419794.8837209302	-0.0009765625
1	0	4	1	1	1419794.8648648649	-0.0009765625
1	0	5	1	1	1419758.705882353	-0.0009765625
1	0	6	1	1	1418471.914893617	-0.0009765625
1	0	7	1	1	1419441.3793103448	-0.0009765625
1	0	8	1	1	1419394.9572649573	-0.0009765625
1	0	9	1	1	1420509.2727272727	-0.0009765625
1	0	10	1	1	1419624.5454545454	-0.0009765625
1	0	11	1	1	1419678.3783783785	-0.0009765625
1	0	12	1	1	1418870.4102564103	-0.0009765625
1	0	13	1	1	1419970.0784313725	-0.0009765625
1	0	14	1	1	1419388.96131098	-0.0009765625
1	0	15	1	1	1420347.7899395053	-0.0009765625
1	0	16	1	1	1419854.8389879388	-0.0009765625
1	0	17	1	1	1420966.1333296695	-0.0009765625
1	0	18	1	1	1419613.6512264833	-0.0009765625
1	0	19	1	1	1420499.19013353	-0.0009765625
1	0	20	1	1	1419690.9596294828	-0.0009765625
1	0	21	1	1	1420571.1382295461	-0.0009765625
1	0	22	1	1	1419358.473061689	-0.0009765625
1	0	23	1	1	1420020.136762514	-0.0009765625
1	0	24	1	1	1419718.182097697	-0.0009765625
1	0	25	1	1	1420438.2056400946	-0.0009765625
1	0	26	1	1	1419287.748710584	-0.0009765625
1	0	27	1	1	1419839.4175010468	-0.0009765625
1	0	28	1	1	1419408.5701566997	-0.0009765625
1	0	29	1	1	1419065.2022028682	-0.0009765625
1	0	30	1	1	1418772.155766069	-0.0009765625
1	0	31	1	1	1418486.6186133502	-0.0009765625
1	0	32	1	1	1420072.5885699124	-0.0009765625
1	0	33	1	1	1419863.9184733783	-0.0009765625
1	0	34	1	1	1419579.9235520188	-0.0009765625
1	0	35	1	1	1419364.1416388988	-0.0009765625
1	0	36	1	1	1419760.496371309	-0.0009765625
1	0	37	1	1	1419688.763110499	-0.0009765625
1	0	38	1	1	1419136.0548339987	-0.0009765625
1	0	39	1	1	1419338.6590276589	-0.0009765625
1	0	40	1	1	1419597.274711379	-0.0009765625
1	0	41	1	1	1419451.5705465346	-0.0009765625
1	0	42	1	1	1419148.4756548721	-0.0009765625
1	0	43	1	1	1418850.5397199197	-0.0009765625
1	0	44	1	1	1418233.285444281	-0.0009765625
1	0	45	1	1	1418867.0182629698	-0.0009765625
1	0	46	1	1	1417659.4975760165	-0.0009765625
1	0	47	1	1	1418482.012104513	-0.0009765625
1	0	48	1	1	1417898.5812286902	-0.0009765625
1	0	49	1	1	1418766.9060467298	-0.0009765625
1	0	50	1	1	1417569.2863236975	-0.0009765625
1	0	51	1	1	1418055.07575485	-0.0009765625
1	0	52	1	1	1417502.3877167872	-0.0009765625
1	0	53	1	1	1418485.5980734508	-0.0009765625
1	0	54	1	1	1417220.2583440722	-0.0009765625
1	0	55	1	1	1417917.2347636872	-0.0009765625
1	0	56	1	1	1417931.0419047414	-0.0009765625
1	0	57	1	1	1418620.7963301726	-0.0009765625
1	0	58	1	1	1417630.0055960505	-0.0009765625
1	0	59	1	1	1417918.0248826584	-0.0009765625
1	0	60	1	1	1418435.4971084315	-0.0009765625
1	0	61	1	1	1418215.836730379	-0.0009765625
1	0	62	1	1	1418002.4173991708	-0.0009765625
#BH2
3	0	0	0	0	120.41150914314017	212.77027027027026
3	0	1	0	0	148.70217675934012	283.35227272727275
3	0	2	0	0	103.16259512867359	268.0166163141994
3	0	3	0	0	136.99198600618914	301.13448958227633
3	0	4	0	0	127.96451039285952	254.59953371717958
3	0	5	0	0	130.2281135942383	288.54802997185135
3	0	6	0	0	129.89754722022582	220.40100717293478
3	0	7	0	0	124.01549530585183	308.79223555821267
3	0	8	0	0	115.96786967179119	268.1510527858218
3	0	9	0	0	111.92583034642892	275.82556794769266
3	0	10	0	0	141.40202887022048	277.5515385510537
3	0	11	0	0	116.87930665955143	225.96021316821606
3	0	12	0	0	112.97240515051193	295.2018873777016
3	0	13	0	0	97.46314112354474	287.5650406504065
3	0	14	0	0	144.64389839075827	294.26
3	0	0	0	1	127.1920361804357	284.96774193548384
3	0	1	0	1	108.76060225368576	261.2770700636943
3	0	2	0	1	119.48144190185702	284.3078078078078
3	0	3	0	1	91.61125354565294	260.135494299256
3	0	4	0	1	127.39164818558027	272.0727071229105
3	0	5	0	1	107.58062173055251	248.89620050378426
3	0	6	0	1	106.05480913295283	237.17616091135272
3	0	7	0	1	111.19199060722885	259.29035906897
3	0	8	0	1	124.14217662257329	244.28718444831276
3	0	9	0	1	107.3078654722223	234.83936587965735
3	0	10	0	1	119.91312946655688	229.45890464224266
3	0	11	0	1	117.52142119290697	237.30446460311805
3	0	12	0	1	113.65111476227369	272.72748815165875
3	0	13	0	1	108.62814169870539	280.3909090909091
3	0	14	0	1	115.18695771836633	296.2808219178082
3	0	0	1	0	723373.6725663717	-0.0009765625
3	0	1	1	0	722950.6626506024	-0.0009765625
3	0	2	1	0	724257.9191715211	-0.0009765625
3	0	3	1	0	724241.2503460031	-0.0009765625
3	0	4	1	0	725019.4699667762	-0.0009765625
3	0	5	1	0	725582.1955815413	-0.0009765625
3	0	6	1	0	724371.2727307187	-0.0009765625
3	0	7	1	0	724435.3584869672	-0.0009765625
3	0	8	1	0	725276.6233626327	-0.0009765625
3	0	9	1	0	725125.5385111935	-0.0009765625
3	0	10	1	0	724344.8761805532	-0.0009765625
3	0	11	1	0	723822.3141789591	-0.0009765625
3	0	12	1	0	723840.0401634449	-0.0009765625
3	0	13	1	0	723224.0187657988	-0.0009765625
3	0	14	1	0	723176.9801980198	-0.0009765625
3	0	0	1	1	726194.649122807	-0.0009765625
3	0	1	1	1	725652.7906976744	-0.0009765625
3	0	2	1	1	727840.1044491056	-0.0009765625
3	0	3	1	1	727495.7308123605	-0.0009765625
3	0	4	1	1	727160.3850574893	-0.0009765625
3	0	5	1	1	727795.48247918	-0.0009765625
3	0	6	1	1	727635.0860011387	-0.0009765625
3	0	7	1	1	727878.8188923161	-0.0009765625
3	0	8	1	1	728504.8935115014	-0.0009765625
3	0	9	1	1	728065.9181967954	-0.0009765625
3	0	10	1	1	728061.2167953321	-0.0009765625
3	0	11	1	1	726652.031132872	-0.0009765625
3	0	12	1	1	726770.8988413062	-0.0009765625
3	0	13	1	1	726058.6105512126	-0.0009765625
3	0	14	1	1	726325.9268292683	-0.0009765625
3	0	0	1	2	-0.7485625023986234	1.0
3	0	1	1	2	-1.0341749322039884	1.0
3	0	2	1	2	-0.018044611316420035	1.0
3	0	3	1	2	0.35843392015534253	1.0
3	0	4	1	2	-0.442155289188253	1.0
3	0	5	1	2	0.5911649113041666	1.0
3	0	6	1	2	-0.42986641171257967	1.0
3	0	7	1	2	0.30877076347533144	1.0
3	0	8	1	2	-0.2961946827705688	1.0
3	0	9	1	2	-0.1571951936003753	1.0
3	0	10	1	2	-0.7644158207953408	1.0
3	0	11	1	2	-0.7126275272753124	1.0
3	0	12	1	2	-0.920227288469683	1.0
3	0	13	1	2	-0.8458339282489445	1.0
3	0	14	1	2	-1.081303088388518	1.0
#BAC
4	0	0	0	0	0.000000e+00	1.000000e+00
4	0	1	0	0	0.000000e+00	1.000000e+00
4	0	2	0	0	0.000000e+00	1.000000e+00
4	0	3	0	0	0.000000e+00	1.000000e+00
4	0	4	0	0	0.000000e+00	1.000000e+00
4	0	0	1	0	1.000000e+00	-9.765625e-04
4	0	1	1	0	1.000000e+00	-9.765625e-04
4	0	2	1	0	1.000000e+00	-9.765625e-04
4	0	3	1	0	1.000000e+00	-9.765625e-04
4	0	4	1	0	713179.5346792123	-0.0009765625
#HTOF
5	0	0	0	0	134.064978317554	438.14854261128147
5	0	1	0	0	131.67052109219162	395.26718518712977
5	0	2	0	0	279.7310115075917	334.2937774657126
5	0	3	0	0	125.90072323569011	365.01335046502436
5	0	4	0	0	240.2110143621794	282.5777657636356
5	0	5	0	0	157.2615958384477	254.63109402109876
5	0	6	0	0	140.34394089150462	224.29146894075848
5	0	7	0	0	133.69908656393233	278.428338444004
5	0	8	0	0	135.03037994116798	357.0809874982781
5	0	9	0	0	143.7758238307243	459.9311386389619
5	0	10	0	0	152.5197220757895	409.5615635539602
5	0	11	0	0	156.87898595612225	254.5486104063359
5	0	12	0	0	131.92447878799908	284.26708235207053
5	0	13	0	0	160.8412196888673	267.86890461800033
5	0	14	0	0	115.26675007781698	231.95370967445177
5	0	15	0	0	119.66182238695227	221.32589892132899
5	0	16	0	0	130.71543751168056	284.2004929884155
5	0	17	0	0	144.51977101530647	237.5437097084651
5	0	18	0	0	138.2289014752111	229.02217660551415
5	0	19	0	0	118.68199115192843	295.5827057318883
5	0	20	0	0	75.32442345562788	236.53870581263652
5	0	21	0	0	118.73356262133028	359.23785230831385
5	0	22	0	0	141.35785141943012	273.01484540617315
5	0	23	0	0	122.70744503392102	235.15448471802137
5	0	24	0	0	141.3197202011393	214.59179207758336
5	0	25	0	0	123.04258722219974	211.65925197738815
5	0	26	0	0	136.26914053315258	248.1511626834719
5	0	27	0	0	133.63807644759618	259.7053294194152
5	0	28	0	0	135.53269984247444	226.36408777311848
5	0	29	0	0	141.00883199413937	236.942952732309
5	0	30	0	0	122.52759485849569	493.6660046942841
5	0	31	0	0	124.40799403544209	381.05843532536164
5	0	32	0	0	126.86679730321006	405.0550261580638
5	0	33	0	0	125.2788023436847	418.88952221090517
5	0	0	0	1	180.86199481820927	492.024458983731
5	0	1	0	1	172.41645201432127	310.6125555300612
5	0	2	0	1	200.4749104393113	313.6612385302404
5	0	3	0	1	152.23206528924334	267.3723917406219
5	0	4	0	1	183.33234138527422	529.5678557605503
5	0	5	0	1	160.13266917372235	340.1546853255409
5	0	6	0	1	195.82228342805425	319.05592536757104
5	0	7	0	1	162.14641628120887	472.2539760200518
5	0	8	0	1	213.8938407192826	322.9185464662736
5	0	9	0	1	149.27351016669914	468.71573410459564
5	0	10	0	1	112.04706638871647	449.81593951553344
5	0	11	0	1	160.6271381340463	233.0155142371271
5	0	12	0	1	159.54890739791213	364.6268553865422
5	0	13	0	1	144.42772937231314	239.6721202073566
5	0	14	0	1	153.48184452074193	243.80566321666413
5	0	15	0	1	179.12831270322334	271.19605465835696
5	0	16	0	1	153.92905197100413	327.36507936119233
5	0	17	0	1	181.6646978907037	279.17682161251037
5	0	18	0	1	152.98159183466075	247.48071797143757
5	0	19	0	1	146.86646045252607	290.7900457268694
5	0	20	0	1	152.92550722741788	326.3358468362886
5	0	21	0	1	151.6253003815902	367.2639173366547
5	0	22	0	1	175.70524390460793	358.73708137744285
5	0	23	0	1	165.36059970805576	271.1988795526592
5	0	24	0	1	166.88851325002574	249.70493091841902
5	0	25	0	1	144.66449892558745	260.4184362022403
5	0	26	0	1	146.5742957671587	246.56384777272785
5	0	27	0	1	160.374457113214	253.25336839064883
5	0	28	0	1	151.81086547546738	225.0085468141608
5	0	29	0	1	174.69292153880156	254.43984990173533
5	0	30	0	1	150.9394761179834	455.36487360704473
5	0	31	0	1	142.49970125771677	235.38078669079437
5	0	32	0	1	171.49026474163074	272.73254678606514
5	0	33	0	1	162.3415583628901	384.8794299943298
5	0	0	0	2	411.63190405317545	1076.4828392574361
5	0	1	0	2	390.5150708543265	767.1682492637033
5	0	2	0	2	561.4132965855722	760.6369489414739
5	0	3	0	2	408.71523422109885	737.937698312709
5	0	4	0	2	571.4522886194197	992.76778242933
5	0	5	0	2	413.089667644336	704.2462743689291
5	0	6	0	2	489.3391691574107	853.2801615034709
5	0	7	0	2	400.14531732560357	742.654215361784
5	0	8	0	2	477.4394455233467	824.4795235673618
5	0	9	0	2	464.63271082322416	1177.1589123329106
5	0	10	0	2	431.4296385167413	1078.5215116037962
5	0	11	0	2	479.1297661703551	656.2396085089065
5	0	12	0	2	419.9401971598548	821.2509317551901
5	0	13	0	2	402.65769039884105	620.476220941137
5	0	14	0	2	381.013851514956	616.0844577441264
5	0	15	0	2	469.81821237192503	673.0462137987421
5	0	16	0	2	727.48522020752	1071.8020555594999
5	0	17	0	2	375.808616297827	570.3893409496534
5	0	18	0	2	327.8997130923824	516.5312070907412
5	0	19	0	2	375.78533398457154	701.6619860404977
5	0	20	0	2	307.00957303479373	676.5721018687633
5	0	21	0	2	244.2636403388359	712.3638773608984
5	0	22	0	2	489.29073267619805	812.3740287470162
5	0	23	0	2	415.6309685933628	709.5911475958364
5	0	24	0	2	425.1851160033839	597.2933670315616
5	0	25	0	2	484.9227713004071	766.1985484517912
5	0	26	0	2	325.08827099307996	554.1890369097067
5	0	27	0	2	409.98146698022043	619.8026513569555
5	0	28	0	2	471.9233942874421	659.1708026070584
5	0	29	0	2	452.0120106576377	635.7876512877888
5	0	30	0	2	397.03283041273113	1053.4488633806827
5	0	31	0	2	525.6578549712493	902.913985340711
5	0	32	0	2	573.0291650859381	975.7880995372292
5	0	33	0	2	568.6163625410201	1116.440539986218
5	0	0	1	0	713902.3943109516	-0.0009765625
5	0	1	1	0	713869.9659863946	-0.0009765625
5	0	2	1	0	714544.7122302158	-0.0009765625
5	0	3	1	0	714635.7070707071	-0.0009765625
5	0	4	1	0	714892.3076923077	-0.0009765625
5	0	5	1	0	712402.6560917726	-0.0009765625
5	0	6	1	0	713333.9699570816	-0.0009765625
5	0	7	1	0	711078.8431372549	-0.0009765625
5	0	8	1	0	712626.475409836	-0.0009765625
5	0	9	1	0	712568.8392857143	-0.0009765625
5	0	10	1	0	711850.4901960784	-0.0009765625
5	0	11	1	0	711293.2075471698	-0.0009765625
5	0	12	1	0	710989.6987951808	-0.0009765625
5	0	13	1	0	711153.8356164383	-0.0009765625
5	0	14	1	0	710932.6623376623	-0.0009765625
5	0	15	1	0	710376.8633540373	-0.0009765625
5	0	16	1	0	711679.1860465116	-0.0009765625
5	0	17	1	0	711929.5728643216	-0.0009765625
5	0	18	1	0	711556.3879003559	-0.0009765625
5	0	19	1	0	711033.618580364	-0.0009765625
5	0	20	1	0	712175.9828327739	-0.0009765625
5	0	21	1	0	712653.3033816615	-0.0009765625
5	0	22	1	0	712172.7186696957	-0.0009765625
5	0	23	1	0	712064.6271271124	-0.0009765625
5	0	24	1	0	713949.9892502185	-0.0009765625
5	0	25	1	0	713634.3164168111	-0.0009765625
5	0	26	1	0	713595.8504110501	-0.0009765625
5	0	27	1	0	712386.8195972582	-0.0009765625
5	0	28	1	0	712323.611023252	-0.0009765625
5	0	29	1	0	711676.4298446226	-0.0009765625
5	0	30	1	0	712745.7692307692	-0.0009765625
5	0	31	1	0	712780.8479430893	-0.0009765625
5	0	32	1	0	714445.6729947875	-0.0009765625
5	0	33	1	0	715079.479585891	-0.0009765625
5	0	0	1	1	715617.3334359404	-0.0009765625
5	0	1	1	1	715108.7762237763	-0.0009765625
5	0	2	1	1	714158.4920634921	-0.0009765625
5	0	3	1	1	716645.1	-0.0009765625
5	0	4	1	1	713683.2857142857	-0.0009765625
5	0	5	1	1	713303.7891178696	-0.0009765625
5	0	6	1	1	714223.7937080654	-0.0009765625
5	0	7	1	1	713306.798561151	-0.0009765625
5	0	8	1	1	713002.8625954199	-0.0009765625
5	0	9	1	1	712844.5412844036	-0.0009765625
5	0	10	1	1	712167.7	-0.0009765625
5	0	11	1	1	711137.5688073394	-0.0009765625
5	0	12	1	1	711973.4883720931	-0.0009765625
5	0	13	1	1	711503.5496183207	-0.0009765625
5	0	14	1	1	711038.1034482758	-0.0009765625
5	0	15	1	1	710630.4814814815	-0.0009765625
5	0	16	1	1	710395.8333333334	-0.0009765625
5	0	17	1	1	710560.6872037915	-0.0009765625
5	0	18	1	1	710352.7561210673	-0.0009765625
5	0	19	1	1	710168.7073544262	-0.0009765625
5	0	20	1	1	711353.2006245608	-0.0009765625
5	0	21	1	1	711749.3067780776	-0.0009765625
5	0	22	1	1	712591.9994090095	-0.0009765625
5	0	23	1	1	711525.0617717718	-0.0009765625
5	0	24	1	1	712178.1418061764	-0.0009765625
5	0	25	1	1	711582.3146348369	-0.0009765625
5	0	26	1	1	711148.9235330176	-0.0009765625
5	0	27	1	1	710309.3521348059	-0.0009765625
5	0	28	1	1	711043.5542318767	-0.0009765625
5	0	29	1	1	711069.2842474168	-0.0009765625
5	0	30	1	1	713095.1020408163	-0.0009765625
5	0	31	1	1	712995.551724138	-0.0009765625
5	0	32	1	1	712963.2638888889	-0.0009765625
5	0	33	1	1	713445.1189699931	-0.0009765625
5	0	0	1	2	702027.2408026756	-0.0009765625
5	0	1	1	2	692336.4666666667	-0.0009765625
5	0	2	1	2	692246.2987012987	-0.0009765625
5	0	3	1	2	692678.8297872341	-0.0009765625
5	0	4	1	2	691513.275862069	-0.0009765625
5	0	5	1	2	701978.8	-0.0009765625
5	0	6	1	2	701235.0	-0.0009765625
5	0	7	1	2	700191.9090909091	-0.0009765625
5	0	8	1	2	700092.5	-0.0009765625
5	0	9	1	2	699744.3939393939	-0.0009765625
5	0	10	1	2	699469.5652173914	-0.0009765625
5	0	11	1	2	699529.5454545454	-0.0009765625
5	0	12	1	2	700796.4814814815	-0.0009765625
5	0	13	1	2	699770.0	-0.0009765625
5	0	14	1	2	699869.2372881356	-0.0009765625
5	0	15	1	2	698569.4680851063	-0.0009765625
5	0	16	1	2	698455.1639344263	-0.0009765625
5	0	17	1	2	698733.8764044944	-0.0009765625
5	0	18	1	2	698416.1224489796	-0.0009765625
5	0	19	1	2	699180.35	-0.0009765625
5	0	20	1	2	700261.6042646619	-0.0009765625
5	0	21	1	2	700226.8223117917	-0.0009765625
5	0	22	1	2	700214.2812563538	-0.0009765625
5	0	23	1	2	700019.1461937997	-0.0009765625
5	0	24	1	2	700618.925925926	-0.0009765625
5	0	25	1	2	700134.328358209	-0.0009765625
5	0	26	1	2	700683.6206896552	-0.0009765625
5	0	27	1	2	699551.3888888889	-0.0009765625
5	0	28	1	2	700939.0540540541	-0.0009765625
5	0	29	1	2	700746.0091743119	-0.0009765625
5	0	30	1	2	701008.0379746836	-0.0009765625
5	0	31	1	2	700716.1711711711	-0.0009765625
5	0	32	1	2	701607.7380952381	-0.0009765625
5	0	33	1	2	700803.5611510791	-0.0009765625
#KVC
6	0	0	0	0	0.000000e+00	1.000000e+00
6	0	1	0	0	0.000000e+00	1.000000e+00
6	0	2	0	0	0.000000e+00	1.000000e+00
6	0	3	0	0	0.000000e+00	1.000000e+00
6	0	4	0	0	0.000000e+00	1.000000e+00
6	0	5	0	0	0.000000e+00	1.000000e+00
6	0	6	0	0	0.000000e+00	1.000000e+00
6	0	7	0	0	0.000000e+00	1.000000e+00
6	0	0	0	1	0.000000e+00	1.000000e+00
6	0	1	0	1	0.000000e+00	1.000000e+00
6	0	2	0	1	0.000000e+00	1.000000e+00
6	0	3	0	1	0.000000e+00	1.000000e+00
6	0	4	0	1	0.000000e+00	1.000000e+00
6	0	5	0	1	0.000000e+00	1.000000e+00
6	0	6	0	1	0.000000e+00	1.000000e+00
6	0	7	0	1	0.000000e+00	1.000000e+00
6	0	0	0	2	0.000000e+00	1.000000e+00
6	0	1	0	2	0.000000e+00	1.000000e+00
6	0	2	0	2	0.000000e+00	1.000000e+00
6	0	3	0	2	0.000000e+00	1.000000e+00
6	0	4	0	2	0.000000e+00	1.000000e+00
6	0	5	0	2	0.000000e+00	1.000000e+00
6	0	6	0	2	0.000000e+00	1.000000e+00
6	0	7	0	2	0.000000e+00	1.000000e+00
6	0	0	0	3	0.000000e+00	1.000000e+00
6	0	1	0	3	0.000000e+00	1.000000e+00
6	0	2	0	3	0.000000e+00	1.000000e+00
6	0	3	0	3	0.000000e+00	1.000000e+00
6	0	4	0	3	0.000000e+00	1.000000e+00
6	0	5	0	3	0.000000e+00	1.000000e+00
6	0	6	0	3	0.000000e+00	1.000000e+00
6	0	7	0	3	0.000000e+00	1.000000e+00
6	0	0	0	4	0.000000e+00	1.000000e+00
6	0	1	0	4	0.000000e+00	1.000000e+00
6	0	2	0	4	0.000000e+00	1.000000e+00
6	0	3	0	4	0.000000e+00	1.000000e+00
6	0	4	0	4	0.000000e+00	1.000000e+00
6	0	5	0	4	0.000000e+00	1.000000e+00
6	0	6	0	4	0.000000e+00	1.000000e+00
6	0	7	0	4	0.000000e+00	1.000000e+00
6	0	0	1	4	694265.0660988023	-0.0009765625
6	0	1	1	4	695060.3031266433	-0.0009765625
6	0	2	1	4	698876.263678655	-0.0009765625
6	0	3	1	4	699248.1193449857	-0.0009765625
6	0	4	1	4	699111.6666188885	-0.0009765625
6	0	5	1	4	699063.6890405866	-0.0009765625
6	0	6	1	4	696651.5187402617	-0.0009765625
6	0	7	1	4	695145.2921157995	-0.0009765625
#T1
7	0	0	0	0	263.94831886193134	373.37277849372583
7	0	0	1	0	702089.7604013702	-0.0009765625
#CVC
8	0	0	0	0	0.000000e+00	1.000000e+00
8	0	1	0	0	0.000000e+00	1.000000e+00
8	0	2	0	0	0.000000e+00	1.000000e+00
8	0	3	0	0	0.000000e+00	1.000000e+00
8	0	4	0	0	0.000000e+00	1.000000e+00
8	0	5	0	0	0.000000e+00	1.000000e+00
8	0	6	0	0	0.000000e+00	1.000000e+00
8	0	7	0	0	0.000000e+00	1.000000e+00
8	0	0	0	1	0.000000e+00	1.000000e+00
8	0	1	0	1	0.000000e+00	1.000000e+00
8	0	2	0	1	0.000000e+00	1.000000e+00
8	0	3	0	1	0.000000e+00	1.000000e+00
8	0	4	0	1	0.000000e+00	1.000000e+00
8	0	5	0	1	0.000000e+00	1.000000e+00
8	0	6	0	1	0.000000e+00	1.000000e+00
8	0	7	0	1	0.000000e+00	1.000000e+00
8	0	0	1	0	1.000000e+00	-9.765625e-04
8	0	1	1	0	1.000000e+00	-9.765625e-04
8	0	2	1	0	1.000000e+00	-9.765625e-04
8	0	3	1	0	1.000000e+00	-9.765625e-04
8	0	4	1	0	1.000000e+00	-9.765625e-04
8	0	5	1	0	1.000000e+00	-9.765625e-04
8	0	6	1	0	1.000000e+00	-9.765625e-04
8	0	7	1	0	1.000000e+00	-9.765625e-04
8	0	0	1	1	1.000000e+00	-9.765625e-04
8	0	1	1	1	1.000000e+00	-9.765625e-04
8	0	2	1	1	1.000000e+00	-9.765625e-04
8	0	3	1	1	1.000000e+00	-9.765625e-04
8	0	4	1	1	1.000000e+00	-9.765625e-04
8	0	5	1	1	1.000000e+00	-9.765625e-04
8	0	6	1	1	1.000000e+00	-9.765625e-04
8	0	7	1	1	1.000000e+00	-9.765625e-04
#SAC3
9	0	0	0	0	0.000000e+00	1.000000e+00
9	0	0	1	0	1.000000e+00	-9.765625e-04
#SFV
10	0	0	1	0	1.000000e+00	-9.765625e-04
10	0	1	1	0	1.000000e+00	-9.765625e-04
10	0	2	1	0	1.000000e+00	-9.765625e-04
10	0	3	1	0	1.000000e+00	-9.765625e-04
10	0	4	1	0	1.000000e+00	-9.765625e-04
10	0	5	1	0	1.000000e+00	-9.765625e-04
#COBO
11	0	0	1	0	1.000000e+00	-9.765625e-04
11	0	1	1	0	1.000000e+00	-9.765625e-04
11	0	2	1	0	1.000000e+00	-9.765625e-04
11	0	3	1	0	1.000000e+00	-9.765625e-04
11	0	4	1	0	1.000000e+00	-9.765625e-04
11	0	5	1	0	1.000000e+00	-9.765625e-04
11	0	6	1	0	1.000000e+00	-9.765625e-04
11	0	7	1	0	1.000000e+00	-9.765625e-04
