#CId	PlId	SegId	UorD	Type	nParam	p0	p1	p2
#BHT
1	0	0	0	1	3	10.20741807056391	-0.7122916941309453	6.156055243898882
1	0	1	0	1	3	10.20741807056391	-0.7122916941309453	6.156055243898882
1	0	2	0	1	3	10.20741807056391	-0.7122916941309453	6.156055243898882
1	0	3	0	1	3	10.20741807056391	-0.7122916941309453	6.156055243898882
1	0	4	0	1	3	10.20741807056391	-0.7122916941309453	6.156055243898882
1	0	5	0	1	3	10.20741807056391	-0.7122916941309453	6.156055243898882
1	0	6	0	1	3	10.20741807056391	-0.7122916941309453	6.156055243898882
1	0	7	0	1	3	10.20741807056391	-0.7122916941309453	6.156055243898882
1	0	8	0	1	3	10.20741807056391	-0.7122916941309453	6.156055243898882
1	0	9	0	1	3	10.20741807056391	-0.7122916941309453	6.156055243898882
1	0	10	0	1	3	10.20741807056391	-0.7122916941309453	6.156055243898882
1	0	11	0	1	3	10.20741807056391	-0.7122916941309453	6.156055243898882
1	0	12	0	1	3	10.20741807056391	-0.7122916941309453	6.156055243898882
1	0	13	0	1	3	10.20741807056391	-0.7122916941309453	6.156055243898882
1	0	14	0	1	3	10.20741807056391	-0.7122916941309453	6.156055243898882
1	0	15	0	1	3	10.20741807056391	-0.7122916941309453	6.156055243898882
1	0	16	0	1	3	14.99999999354279	-1.0859520521825785	9.178278350250885
1	0	17	0	1	3	3.2383497048922423	0.056443672373813314	2.080616864351852
1	0	18	0	1	3	10.001270412260602	-0.8866139325585918	6.033309092965512
1	0	19	0	1	3	1.7746363396068368	0.33406668406809636	0.9242085589408422
1	0	20	0	1	3	14.999999488470902	-1.2754251601106996	8.691027774312998
1	0	21	0	1	3	14.994347792943977	-1.481199896087182	8.243526708328043
1	0	22	0	1	3	14.999999985156414	-1.0912142538058114	9.142427723196766
1	0	23	0	1	3	5.366377233433511	-0.09706565213989826	3.9211165452336294
1	0	24	0	1	3	14.854074711550444	-1.2745352888654082	8.604747996441999
1	0	25	0	1	3	1.3370525795752086	0.5587382874008959	0.7662327961921527
1	0	26	0	1	3	14.966119729852936	-1.1492301132392426	8.956352843668686
1	0	27	0	1	3	4.575259200864087	-0.006414837589712619	3.335799335335234
1	0	28	0	1	3	5.761919608364841	-0.16123856978921047	4.125909085796248
1	0	29	0	1	3	7.207687735460942	-0.36921582008629894	4.901513919065904
1	0	30	0	1	3	14.999999967835128	-1.0640732585360038	9.220800234623798
1	0	31	0	1	3	8.176741663666675	-0.4918439570673634	5.5097126801624645
1	0	32	0	1	3	4.239138800778535	-0.07487582515451408	2.8755442651016967
1	0	33	0	1	3	14.999999985356324	-1.0926510696237801	9.16593327352704
1	0	34	0	1	3	14.99999997582448	-1.1855736006217006	8.938017839400485
1	0	35	0	1	3	5.206877550748216	-0.09740852482908213	3.7409033966452343
1	0	36	0	1	3	14.770499634574675	-1.1072382612959286	8.932613560553943
1	0	37	0	1	3	4.767359252096569	0.08920013255995496	3.7821675145422224
1	0	38	0	1	3	14.999999999917256	-1.3123686120599998	8.671207548590656
1	0	39	0	1	3	3.544865913154321	0.1584251335503195	2.630635520742398
1	0	40	0	1	3	14.999999953185492	-1.2476500719475543	8.80275758893343
1	0	41	0	1	3	14.98703443647656	-1.322335376863927	8.672398283182947
1	0	42	0	1	3	14.99981445960914	-1.2315821825218856	8.836438247389
1	0	43	0	1	3	1.7811886049420915	0.3596789668561913	1.0356484054116994
1	0	44	0	1	3	14.803325267811143	-1.1975312770771498	8.805323530445376
1	0	45	0	1	3	14.64843121529541	-1.3336526913727043	8.409376029228032
1	0	46	0	1	3	14.999978583622344	-1.5761320572625586	8.192956967422198
1	0	47	0	1	3	2.9099703667620336	0.0005112500312867141	1.7557195327641075
1	0	48	0	1	3	3.453571632774887	-0.05377448948727093	2.207404474425992
1	0	49	0	1	3	14.999999444689637	-1.7756764413839994	7.851034190131511
1	0	50	0	1	3	14.89374124464023	-1.4448001478635861	8.520272859155892
1	0	51	0	1	3	10.20741807056391	-0.7122916941309453	6.156055243898882
1	0	52	0	1	3	10.20741807056391	-0.7122916941309453	6.156055243898882
1	0	53	0	1	3	10.20741807056391	-0.7122916941309453	6.156055243898882
1	0	54	0	1	3	10.20741807056391	-0.7122916941309453	6.156055243898882
1	0	55	0	1	3	10.20741807056391	-0.7122916941309453	6.156055243898882
1	0	56	0	1	3	10.20741807056391	-0.7122916941309453	6.156055243898882
1	0	57	0	1	3	10.20741807056391	-0.7122916941309453	6.156055243898882
1	0	58	0	1	3	10.20741807056391	-0.7122916941309453	6.156055243898882
1	0	59	0	1	3	10.20741807056391	-0.7122916941309453	6.156055243898882
1	0	60	0	1	3	10.20741807056391	-0.7122916941309453	6.156055243898882
1	0	61	0	1	3	10.20741807056391	-0.7122916941309453	6.156055243898882
1	0	62	0	1	3	10.20741807056391	-0.7122916941309453	6.156055243898882
1	0	0	1	1	3	10.747148522373184	-0.6796558425314447	6.7566351817770265
1	0	1	1	1	3	10.747148522373184	-0.6796558425314447	6.7566351817770265
1	0	2	1	1	3	10.747148522373184	-0.6796558425314447	6.7566351817770265
1	0	3	1	1	3	10.747148522373184	-0.6796558425314447	6.7566351817770265
1	0	4	1	1	3	10.747148522373184	-0.6796558425314447	6.7566351817770265
1	0	5	1	1	3	10.747148522373184	-0.6796558425314447	6.7566351817770265
1	0	6	1	1	3	10.747148522373184	-0.6796558425314447	6.7566351817770265
1	0	7	1	1	3	10.747148522373184	-0.6796558425314447	6.7566351817770265
1	0	8	1	1	3	10.747148522373184	-0.6796558425314447	6.7566351817770265
1	0	9	1	1	3	10.747148522373184	-0.6796558425314447	6.7566351817770265
1	0	10	1	1	3	10.747148522373184	-0.6796558425314447	6.7566351817770265
1	0	11	1	1	3	10.747148522373184	-0.6796558425314447	6.7566351817770265
1	0	12	1	1	3	10.747148522373184	-0.6796558425314447	6.7566351817770265
1	0	13	1	1	3	10.747148522373184	-0.6796558425314447	6.7566351817770265
1	0	14	1	1	3	10.747148522373184	-0.6796558425314447	6.7566351817770265
1	0	15	1	1	3	10.747148522373184	-0.6796558425314447	6.7566351817770265
1	0	16	1	1	3	14.999998112212737	-1.4491196034227531	8.352555403998018
1	0	17	1	1	3	11.787387994257685	-0.592439378697688	8.08187462906664
1	0	18	1	1	3	3.773544161406839	0.2776762348890953	3.1846624913981056
1	0	19	1	1	3	6.893491239149102	-0.3794741503222765	4.61416001922229
1	0	20	1	1	3	14.999999974066217	-1.151822307212249	8.978925248429425
1	0	21	1	1	3	14.999999930897474	-1.038150109054587	9.221846229773933
1	0	22	1	1	3	3.5524633585028424	0.21890222469817644	2.745598831203862
1	0	23	1	1	3	14.999999999953406	-1.041379801766801	9.273902046416069
1	0	24	1	1	3	14.978788986268059	-1.1598753134665443	8.94555035750609
1	0	25	1	1	3	4.189268684346692	-0.05097932205136235	2.8069510088112737
1	0	26	1	1	3	14.999999924579608	-1.5013257223233376	8.234020562506664
1	0	27	1	1	3	9.025948488895601	-0.4376797910305257	6.267535556819202
1	0	28	1	1	3	14.698827030206436	-1.164868033276651	8.756616358184338
1	0	29	1	1	3	2.6720464440860345	0.3689605425921192	2.1217401593596805
1	0	30	1	1	3	14.767143774978683	-1.156390265924296	8.816944744269627
1	0	31	1	1	3	14.920706493505845	-1.0068975995379863	9.321216849699569
1	0	32	1	1	3	5.054847355473205	-0.04086548028963044	3.707664342482439
1	0	33	1	1	3	14.990460866617083	-1.2283537539709997	8.829796987667708
1	0	34	1	1	3	1.6099879355204076	0.5338225296813564	1.1244580331988496
1	0	35	1	1	3	14.99997436578184	-1.0512589554360443	9.248253676787991
1	0	36	1	1	3	5.0167531516006685	-0.2334224380674188	3.2873753015063496
1	0	37	1	1	3	13.701881909304497	-0.8408595678065556	8.892119433177804
1	0	38	1	1	3	8.8957706666295	-0.5646818259363151	5.892150140133109
1	0	39	1	1	3	8.377586447612785	-0.2979969756070693	6.128422271322991
1	0	40	1	1	3	12.73751275231369	-1.0042561255359224	7.7732080255824005
1	0	41	1	1	3	14.999999711181916	-1.0224546440103004	9.351587293597136
1	0	42	1	1	3	8.557591459896367	-0.4944404195084475	5.763842617403541
1	0	43	1	1	3	14.999999999526484	-1.0278953714883117	9.321137261512453
1	0	44	1	1	3	14.999999938551214	-1.0778975934178914	9.215319626416221
1	0	45	1	1	3	12.362257380286326	-0.7823512666166597	8.062161528140727
1	0	46	1	1	3	14.977167975587186	-1.1551729987452997	9.024852877474675
1	0	47	1	1	3	9.889456765202565	-0.6973150349555262	6.39760579590263
1	0	48	1	1	3	3.4741475336215943	-0.09553556945123631	2.147185121173809
1	0	49	1	1	3	14.999999628872404	-1.382759036392358	8.550939040319262
1	0	50	1	1	3	5.245187842168452	-0.05939756513826744	4.0400514917310355
1	0	51	1	1	3	10.747148522373184	-0.6796558425314447	6.7566351817770265
1	0	52	1	1	3	10.747148522373184	-0.6796558425314447	6.7566351817770265
1	0	53	1	1	3	10.747148522373184	-0.6796558425314447	6.7566351817770265
1	0	54	1	1	3	10.747148522373184	-0.6796558425314447	6.7566351817770265
1	0	55	1	1	3	10.747148522373184	-0.6796558425314447	6.7566351817770265
1	0	56	1	1	3	10.747148522373184	-0.6796558425314447	6.7566351817770265
1	0	57	1	1	3	10.747148522373184	-0.6796558425314447	6.7566351817770265
1	0	58	1	1	3	10.747148522373184	-0.6796558425314447	6.7566351817770265
1	0	59	1	1	3	10.747148522373184	-0.6796558425314447	6.7566351817770265
1	0	60	1	1	3	10.747148522373184	-0.6796558425314447	6.7566351817770265
1	0	61	1	1	3	10.747148522373184	-0.6796558425314447	6.7566351817770265
1	0	62	1	1	3	10.747148522373184	-0.6796558425314447	6.7566351817770265
#BH2
3	0	0	0	1	3	4.276171225951027	-1.1752770140461666	1.5996052981655402
3	0	1	0	1	3	4.276171225951027	-1.1752770140461666	1.5996052981655402
3	0	2	0	1	3	3.73196534132512	-0.7801127879011176	1.7667325454395613
3	0	3	0	1	3	2.753030229356145	-0.6204133936230711	0.9137922447814071
3	0	4	0	1	3	3.8692225308059918	-1.0218210562108077	1.4355348508371164
3	0	5	0	1	3	3.981344894123021	-1.103804627928564	1.4878775922568854
3	0	6	0	1	3	4.977451210263964	-1.3856200386928181	1.887408776010087
3	0	7	0	1	3	2.6835568304127215	-0.6049291566323056	0.8542643656495905
3	0	8	0	1	3	7.631898506976045	-2.449337490789934	2.8040476052894525
3	0	9	0	1	3	4.5809002643452095	-1.436177560590715	1.6471844050602211
3	0	10	0	1	3	4.276171225951027	-1.1752770140461666	1.5996052981655402
3	0	11	0	1	3	4.276171225951027	-1.1752770140461666	1.5996052981655402
3	0	12	0	1	3	4.276171225951027	-1.1752770140461666	1.5996052981655402
3	0	13	0	1	3	4.276171225951027	-1.1752770140461666	1.5996052981655402
3	0	14	0	1	3	4.276171225951027	-1.1752770140461666	1.5996052981655402
3	0	0	1	1	3	3.1008244671319525	-0.7438201713700499	1.05041543569665
3	0	1	1	1	3	3.1008244671319525	-0.7438201713700499	1.05041543569665
3	0	2	1	1	3	3.756554811618316	-0.33320654913475156	1.746238569842451
3	0	3	1	1	3	3.664820162933954	-1.1009577530749488	1.2816482900516375
3	0	4	1	1	3	2.943763673195571	-0.7670728865699692	0.9375795728845668
3	0	5	1	1	3	2.4231134166923707	-0.47138308746794433	0.748551761864648
3	0	6	1	1	3	2.7163774666712825	-0.7297512248230458	0.7445408488307221
3	0	7	1	1	3	2.0294199913554727	-0.4688999463903034	0.4264660584590594
3	0	8	1	1	3	3.668336995388572	-0.9768711862917732	1.3186550695186159
3	0	9	1	1	3	3.604209219200081	-1.102418737207663	1.1996433141214986
3	0	10	1	1	3	3.1008244671319525	-0.7438201713700499	1.05041543569665
3	0	11	1	1	3	3.1008244671319525	-0.7438201713700499	1.05041543569665
3	0	12	1	1	3	3.1008244671319525	-0.7438201713700499	1.05041543569665
3	0	13	1	1	3	3.1008244671319525	-0.7438201713700499	1.05041543569665
3	0	14	1	1	3	3.1008244671319525	-0.7438201713700499	1.05041543569665
#HTOF
5	0	0	0	1	3	4.164149961689872	-0.7838073087369447	1.8911235757980551
5	0	1	0	1	3	4.164149961689872	-0.7838073087369447	1.8911235757980551
5	0	2	0	1	3	4.164149961689872	-0.7838073087369447	1.8911235757980551
5	0	3	0	1	3	4.164149961689872	-0.7838073087369447	1.8911235757980551
5	0	4	0	1	3	4.164149961689872	-0.7838073087369447	1.8911235757980551
5	0	5	0	1	3	4.164149961689872	-0.7838073087369447	1.8911235757980551
5	0	6	0	1	3	4.164149961689872	-0.7838073087369447	1.8911235757980551
5	0	7	0	1	3	4.164149961689872	-0.7838073087369447	1.8911235757980551
5	0	8	0	1	3	4.164149961689872	-0.7838073087369447	1.8911235757980551
5	0	9	0	1	3	4.164149961689872	-0.7838073087369447	1.8911235757980551
5	0	10	0	1	3	4.164149961689872	-0.7838073087369447	1.8911235757980551
5	0	11	0	1	3	4.164149961689872	-0.7838073087369447	1.8911235757980551
5	0	12	0	1	3	4.164149961689872	-0.7838073087369447	1.8911235757980551
5	0	13	0	1	3	4.164149961689872	-0.7838073087369447	1.8911235757980551
5	0	14	0	1	3	4.164149961689872	-0.7838073087369447	1.8911235757980551
5	0	15	0	1	3	4.164149961689872	-0.7838073087369447	1.8911235757980551
5	0	16	0	1	3	4.164149961689872	-0.7838073087369447	1.8911235757980551
5	0	17	0	1	3	4.164149961689872	-0.7838073087369447	1.8911235757980551
5	0	18	0	1	3	4.164149961689872	-0.7838073087369447	1.8911235757980551
5	0	19	0	1	3	4.164149961689872	-0.7838073087369447	1.8911235757980551
5	0	20	0	1	3	7.121054873032713	-1.6615344555318798	3.2069825845191797
5	0	21	0	1	3	3.054473652211115	-0.5165177958141953	1.360532599583589
5	0	22	0	1	3	2.3169213598257876	-0.17336967486475885	1.1058555432913963
5	0	23	0	1	3	4.164149961689872	-0.7838073087369447	1.8911235757980551
5	0	24	0	1	3	4.164149961689872	-0.7838073087369447	1.8911235757980551
5	0	25	0	1	3	4.164149961689872	-0.7838073087369447	1.8911235757980551
5	0	26	0	1	3	4.164149961689872	-0.7838073087369447	1.8911235757980551
5	0	27	0	1	3	4.164149961689872	-0.7838073087369447	1.8911235757980551
5	0	28	0	1	3	4.164149961689872	-0.7838073087369447	1.8911235757980551
5	0	29	0	1	3	4.164149961689872	-0.7838073087369447	1.8911235757980551
5	0	30	0	1	3	4.164149961689872	-0.7838073087369447	1.8911235757980551
5	0	31	0	1	3	4.164149961689872	-0.7838073087369447	1.8911235757980551
5	0	32	0	1	3	4.164149961689872	-0.7838073087369447	1.8911235757980551
5	0	33	0	1	3	4.164149961689872	-0.7838073087369447	1.8911235757980551
5	0	0	1	1	3	3.9727145875933996	-0.7687348288263413	1.8247363375409076
5	0	1	1	1	3	3.9727145875933996	-0.7687348288263413	1.8247363375409076
5	0	2	1	1	3	3.9727145875933996	-0.7687348288263413	1.8247363375409076
5	0	3	1	1	3	3.9727145875933996	-0.7687348288263413	1.8247363375409076
5	0	4	1	1	3	3.9727145875933996	-0.7687348288263413	1.8247363375409076
5	0	5	1	1	3	3.9727145875933996	-0.7687348288263413	1.8247363375409076
5	0	6	1	1	3	3.9727145875933996	-0.7687348288263413	1.8247363375409076
5	0	7	1	1	3	3.9727145875933996	-0.7687348288263413	1.8247363375409076
5	0	8	1	1	3	3.9727145875933996	-0.7687348288263413	1.8247363375409076
5	0	9	1	1	3	3.9727145875933996	-0.7687348288263413	1.8247363375409076
5	0	10	1	1	3	3.9727145875933996	-0.7687348288263413	1.8247363375409076
5	0	11	1	1	3	3.9727145875933996	-0.7687348288263413	1.8247363375409076
5	0	12	1	1	3	3.9727145875933996	-0.7687348288263413	1.8247363375409076
5	0	13	1	1	3	3.9727145875933996	-0.7687348288263413	1.8247363375409076
5	0	14	1	1	3	3.9727145875933996	-0.7687348288263413	1.8247363375409076
5	0	15	1	1	3	3.9727145875933996	-0.7687348288263413	1.8247363375409076
5	0	16	1	1	3	3.9727145875933996	-0.7687348288263413	1.8247363375409076
5	0	17	1	1	3	3.9727145875933996	-0.7687348288263413	1.8247363375409076
5	0	18	1	1	3	3.9727145875933996	-0.7687348288263413	1.8247363375409076
5	0	19	1	1	3	3.9727145875933996	-0.7687348288263413	1.8247363375409076
5	0	20	1	1	3	6.007739287939794	-1.3247559226234595	2.789964876712332
5	0	21	1	1	3	2.783276401891662	-0.4058621718502744	1.2239343162882457
5	0	22	1	1	3	3.1271280729487434	-0.5755863920052899	1.460309819622145
5	0	23	1	1	3	3.9727145875933996	-0.7687348288263413	1.8247363375409076
5	0	24	1	1	3	3.9727145875933996	-0.7687348288263413	1.8247363375409076
5	0	25	1	1	3	3.9727145875933996	-0.7687348288263413	1.8247363375409076
5	0	26	1	1	3	3.9727145875933996	-0.7687348288263413	1.8247363375409076
5	0	27	1	1	3	3.9727145875933996	-0.7687348288263413	1.8247363375409076
5	0	28	1	1	3	3.9727145875933996	-0.7687348288263413	1.8247363375409076
5	0	29	1	1	3	3.9727145875933996	-0.7687348288263413	1.8247363375409076
5	0	30	1	1	3	3.9727145875933996	-0.7687348288263413	1.8247363375409076
5	0	31	1	1	3	3.9727145875933996	-0.7687348288263413	1.8247363375409076
5	0	32	1	1	3	3.9727145875933996	-0.7687348288263413	1.8247363375409076
5	0	33	1	1	3	3.9727145875933996	-0.7687348288263413	1.8247363375409076
#T1
7	0	0	0	0	3	0.000000e+00	0.000000e+00	0.000000e+00
#CVC
8	0	0	0	1	3	0.000000e+00	0.000000e+00	0.000000e+00
8	0	1	0	1	3	0.000000e+00	0.000000e+00	0.000000e+00
8	0	2	0	1	3	0.000000e+00	0.000000e+00	0.000000e+00
8	0	3	0	1	3	0.000000e+00	0.000000e+00	0.000000e+00
8	0	4	0	1	3	0.000000e+00	0.000000e+00	0.000000e+00
8	0	5	0	1	3	0.000000e+00	0.000000e+00	0.000000e+00
8	0	6	0	1	3	0.000000e+00	0.000000e+00	0.000000e+00
8	0	7	0	1	3	0.000000e+00	0.000000e+00	0.000000e+00
8	0	0	1	1	3	0.000000e+00	0.000000e+00	0.000000e+00
8	0	1	1	1	3	0.000000e+00	0.000000e+00	0.000000e+00
8	0	2	1	1	3	0.000000e+00	0.000000e+00	0.000000e+00
8	0	3	1	1	3	0.000000e+00	0.000000e+00	0.000000e+00
8	0	4	1	1	3	0.000000e+00	0.000000e+00	0.000000e+00
8	0	5	1	1	3	0.000000e+00	0.000000e+00	0.000000e+00
8	0	6	1	1	3	0.000000e+00	0.000000e+00	0.000000e+00
8	0	7	1	1	3	0.000000e+00	0.000000e+00	0.000000e+00
#COBO
11	0	0	0	0	3	0.000000e+00	0.000000e+00	0.000000e+00
11	0	1	0	0	3	0.000000e+00	0.000000e+00	0.000000e+00
11	0	2	0	0	3	0.000000e+00	0.000000e+00	0.000000e+00
11	0	3	0	0	3	0.000000e+00	0.000000e+00	0.000000e+00
11	0	4	0	0	3	0.000000e+00	0.000000e+00	0.000000e+00
11	0	5	0	0	3	0.000000e+00	0.000000e+00	0.000000e+00
11	0	6	0	0	3	0.000000e+00	0.000000e+00	0.000000e+00
11	0	7	0	0	3	0.000000e+00	0.000000e+00	0.000000e+00
