#CId	PlId	SegId	UorD	Type	nParam	p0	p1	p2
#BHT
1	0	0	0	1	3	10.211385904942704	-0.7060192613639071	7.15139239026976
1	0	1	0	1	3	10.211385904942704	-0.7060192613639071	7.15139239026976
1	0	2	0	1	3	10.211385904942704	-0.7060192613639071	7.15139239026976
1	0	3	0	1	3	10.211385904942704	-0.7060192613639071	7.15139239026976
1	0	4	0	1	3	10.211385904942704	-0.7060192613639071	7.15139239026976
1	0	5	0	1	3	10.211385904942704	-0.7060192613639071	7.15139239026976
1	0	6	0	1	3	10.211385904942704	-0.7060192613639071	7.15139239026976
1	0	7	0	1	3	10.211385904942704	-0.7060192613639071	7.15139239026976
1	0	8	0	1	3	10.211385904942704	-0.7060192613639071	7.15139239026976
1	0	9	0	1	3	10.211385904942704	-0.7060192613639071	7.15139239026976
1	0	10	0	1	3	10.211385904942704	-0.7060192613639071	7.15139239026976
1	0	11	0	1	3	10.211385904942704	-0.7060192613639071	7.15139239026976
1	0	12	0	1	3	10.211385904942704	-0.7060192613639071	7.15139239026976
1	0	13	0	1	3	10.211385904942704	-0.7060192613639071	7.15139239026976
1	0	14	0	1	3	1.5494294154895982	0.3090783487299289	1.6625124065780432
1	0	15	0	1	3	7.882858604111634	-0.4326400836998445	6.247362856604843
1	0	16	0	1	3	13.987044208078919	-0.8260243734197834	9.99999997777508
1	0	17	0	1	3	2.826903957067485	0.11909465780508555	2.6610852116114843
1	0	18	0	1	3	14.62875871288597	-0.9908395132581331	9.999999998182274
1	0	19	0	1	3	4.468222160523627	-0.17055497232619743	3.767486638069781
1	0	20	0	1	3	12.988640629970833	-0.5677557666217137	9.999999999402053
1	0	21	0	1	3	14.34446951612189	-1.0918447748501285	9.518530442398923
1	0	22	0	1	3	9.724794433405792	-0.4554111904428364	7.680547456308442
1	0	23	0	1	3	6.375263373031718	-0.22144308544236058	5.418993382533956
1	0	24	0	1	3	14.416840717613008	-0.9226362685658547	9.9974467308887
1	0	25	0	1	3	7.056171776079469	-0.2634521388297246	5.889375304384257
1	0	26	0	1	3	13.904569759545938	-1.10676447596861	9.170200621933361
1	0	27	0	1	3	5.209259634093574	-0.10112944856557782	4.583804677413872
1	0	28	0	1	3	14.999984990462115	-1.2233758893990725	9.660883476247989
1	0	29	0	1	3	14.999999873648349	-1.670539305162063	8.790609155858258
1	0	30	0	1	3	3.588320751643603	0.2808817629948033	3.8426806526866226
1	0	31	0	1	3	10.391619805483703	-0.6882836802254824	7.645129142325066
1	0	32	0	1	3	7.045238975150221	-0.31217445928071363	5.797165282939776
1	0	33	0	1	3	14.289895036626902	-0.914516313550207	9.999999930051183
1	0	34	0	1	3	14.999999948587739	-1.1549213554382427	9.896141961120914
1	0	35	0	1	3	5.069504953208992	-0.07995706707694161	4.54664303347195
1	0	36	0	1	3	14.100593823080978	-1.0944518850821034	9.380266596205027
1	0	37	0	1	3	14.999999973235733	-1.254222158909971	9.656361735285257
1	0	38	0	1	3	10.271500500985448	-0.7818319820614699	7.369058177561328
1	0	39	0	1	3	3.0416908863888104	0.17745711822771693	3.018357934411198
1	0	40	0	1	3	14.985247942886545	-1.1161256362093464	9.999932693359428
1	0	41	0	1	3	14.999999998152482	-1.46487188001425	9.284994632829095
1	0	42	0	1	3	14.999999978706708	-1.2892635052503199	9.600603532314176
1	0	43	0	1	3	2.5204026297689293	0.20684162717606647	2.5331303230674593
1	0	44	0	1	3	11.424284370175721	-0.9503055097034441	7.886657303685572
1	0	45	0	1	3	14.85977481658223	-1.2439344336275302	9.627887265496778
1	0	46	0	1	3	14.934320268969193	-1.3424808379899589	9.471520428629674
1	0	47	0	1	3	2.028190734116386	0.16211107967519478	1.9282488605868848
1	0	48	0	1	3	3.2224047459072733	-0.038950586170083845	2.8820535048903944
1	0	49	0	1	3	14.999999999975891	-2.1246518783123873	8.172804265137186
1	0	50	0	1	3	11.685076581116618	-1.4828228096190057	7.0130428477348286
1	0	51	0	1	3	10.211385904942704	-0.7060192613639071	7.15139239026976
1	0	52	0	1	3	10.211385904942704	-0.7060192613639071	7.15139239026976
1	0	53	0	1	3	10.211385904942704	-0.7060192613639071	7.15139239026976
1	0	54	0	1	3	10.211385904942704	-0.7060192613639071	7.15139239026976
1	0	55	0	1	3	10.211385904942704	-0.7060192613639071	7.15139239026976
1	0	56	0	1	3	10.211385904942704	-0.7060192613639071	7.15139239026976
1	0	57	0	1	3	10.211385904942704	-0.7060192613639071	7.15139239026976
1	0	58	0	1	3	10.211385904942704	-0.7060192613639071	7.15139239026976
1	0	59	0	1	3	10.211385904942704	-0.7060192613639071	7.15139239026976
1	0	60	0	1	3	10.211385904942704	-0.7060192613639071	7.15139239026976
1	0	61	0	1	3	10.211385904942704	-0.7060192613639071	7.15139239026976
1	0	62	0	1	3	10.211385904942704	-0.7060192613639071	7.15139239026976
1	0	0	1	1	3	12.704711573011751	-0.990374896241626	8.520171532889494
1	0	1	1	1	3	12.704711573011751	-0.990374896241626	8.520171532889494
1	0	2	1	1	3	12.704711573011751	-0.990374896241626	8.520171532889494
1	0	3	1	1	3	12.704711573011751	-0.990374896241626	8.520171532889494
1	0	4	1	1	3	12.704711573011751	-0.990374896241626	8.520171532889494
1	0	5	1	1	3	12.704711573011751	-0.990374896241626	8.520171532889494
1	0	6	1	1	3	12.704711573011751	-0.990374896241626	8.520171532889494
1	0	7	1	1	3	12.704711573011751	-0.990374896241626	8.520171532889494
1	0	8	1	1	3	12.704711573011751	-0.990374896241626	8.520171532889494
1	0	9	1	1	3	12.704711573011751	-0.990374896241626	8.520171532889494
1	0	10	1	1	3	12.704711573011751	-0.990374896241626	8.520171532889494
1	0	11	1	1	3	12.704711573011751	-0.990374896241626	8.520171532889494
1	0	12	1	1	3	12.704711573011751	-0.990374896241626	8.520171532889494
1	0	13	1	1	3	12.704711573011751	-0.990374896241626	8.520171532889494
1	0	14	1	1	3	14.464328291311327	-1.0765749357210508	9.999999990066794
1	0	15	1	1	3	14.993437092103804	-1.2834860992698962	9.613640730462821
1	0	16	1	1	3	14.27904138139623	-1.714347841587366	8.29666128395097
1	0	17	1	1	3	14.8720915415065	-1.056410388426603	9.99999976280944
1	0	18	1	1	3	14.99999998621248	-1.3806189940114146	9.379129948658278
1	0	19	1	1	3	13.739016440414195	-0.7601643272276615	9.999997039869637
1	0	20	1	1	3	14.992347682792056	-1.098585229517138	9.999950434547582
1	0	21	1	1	3	14.999999771414327	-1.39826480630468	9.30815542060401
1	0	22	1	1	3	14.99999987575433	-1.3264564811818933	9.455867990097312
1	0	23	1	1	3	11.738792068897101	-0.8227310525362865	8.332458261607723
1	0	24	1	1	3	14.999999781943385	-1.1881208645634205	9.772131097356981
1	0	25	1	1	3	14.987984052279412	-1.0762481661726326	9.999889826768236
1	0	26	1	1	3	11.77490816167655	-0.9449630625778864	8.041591309313114
1	0	27	1	1	3	6.889636652613301	-0.3373865427800897	5.566497398029495
1	0	28	1	1	3	14.999999870753646	-1.1279849987287172	9.896213835887144
1	0	29	1	1	3	2.9613575481725767	0.3217689588935837	3.2051986192750226
1	0	30	1	1	3	8.68223270459329	-0.5733706358642277	6.537164868869544
1	0	31	1	1	3	14.999999937442807	-1.203075191920031	9.75296606006571
1	0	32	1	1	3	6.062921302293729	-0.2736442990868726	5.008697504505979
1	0	33	1	1	3	14.99995634264159	-1.2765543576668668	9.611942795593434
1	0	34	1	1	3	12.085808523169375	-0.9591577173980648	8.299021796800208
1	0	35	1	1	3	14.517988570456154	-0.9830006012944592	9.999999909007967
1	0	36	1	1	3	14.864208860776973	-1.3596285128121948	9.313583816272466
1	0	37	1	1	3	14.170174214021946	-0.8927036410257205	9.999999832865594
1	0	38	1	1	3	4.860026983140339	-0.08327195558885148	4.329347704879561
1	0	39	1	1	3	14.989980112330011	-1.1467552463438313	9.895718403958169
1	0	40	1	1	3	14.783675577014536	-1.2761057166244814	9.49866456380765
1	0	41	1	1	3	14.999999710001994	-1.195656865619453	9.853273356327055
1	0	42	1	1	3	11.157413844547609	-0.8907902337690343	7.823185392805428
1	0	43	1	1	3	14.225994563377196	-1.1555934311104807	9.39149107133382
1	0	44	1	1	3	14.999999656335316	-1.4238637747491305	9.357797753557644
1	0	45	1	1	3	14.99999952909112	-1.2523609484726737	9.71366390367224
1	0	46	1	1	3	10.257334352410112	-0.7840341296920839	7.406697431856966
1	0	47	1	1	3	11.535094010295367	-0.9180212322968808	8.041216206496268
1	0	48	1	1	3	2.1885851779048067	0.1515388775927935	2.1046724321017
1	0	49	1	1	3	14.999999193916542	-1.5782713618544055	8.995005834827948
1	0	50	1	1	3	14.999994836432782	-1.2989753536300572	9.444853128001341
1	0	51	1	1	3	12.704711573011751	-0.990374896241626	8.520171532889494
1	0	52	1	1	3	12.704711573011751	-0.990374896241626	8.520171532889494
1	0	53	1	1	3	12.704711573011751	-0.990374896241626	8.520171532889494
1	0	54	1	1	3	12.704711573011751	-0.990374896241626	8.520171532889494
1	0	55	1	1	3	12.704711573011751	-0.990374896241626	8.520171532889494
1	0	56	1	1	3	12.704711573011751	-0.990374896241626	8.520171532889494
1	0	57	1	1	3	12.704711573011751	-0.990374896241626	8.520171532889494
1	0	58	1	1	3	12.704711573011751	-0.990374896241626	8.520171532889494
1	0	59	1	1	3	12.704711573011751	-0.990374896241626	8.520171532889494
1	0	60	1	1	3	12.704711573011751	-0.990374896241626	8.520171532889494
1	0	61	1	1	3	12.704711573011751	-0.990374896241626	8.520171532889494
1	0	62	1	1	3	12.704711573011751	-0.990374896241626	8.520171532889494
#BH2
3	0	0	0	1	3	2.6603952242817543	-0.3892349377622307	1.7957824908708893
3	0	1	0	1	3	2.6603952242817543	-0.3892349377622307	1.7957824908708893
3	0	2	0	1	3	2.6603952242817543	-0.3892349377622307	1.7957824908708893
3	0	3	0	1	3	2.2143548836695874	-0.2621525332688197	1.5615111781047504
3	0	4	0	1	3	2.6106830458554993	-0.37518183522534443	1.7519552793700583
3	0	5	0	1	3	2.370564782884654	-0.30078483188370964	1.6614260732957162
3	0	6	0	1	3	3.496341911808074	-0.5925469835105437	2.233238585739187
3	0	7	0	1	3	2.4657706802810466	-0.3224353225454868	1.731180072904079
3	0	8	0	1	3	3.1338953422150215	-0.5941339540559261	2.0000114548593273
3	0	9	0	1	3	2.3311559232583963	-0.2774091038457849	1.631154791823107
3	0	10	0	1	3	2.6603952242817543	-0.3892349377622307	1.7957824908708893
3	0	11	0	1	3	2.6603952242817543	-0.3892349377622307	1.7957824908708893
3	0	12	0	1	3	2.6603952242817543	-0.3892349377622307	1.7957824908708893
3	0	13	0	1	3	2.6603952242817543	-0.3892349377622307	1.7957824908708893
3	0	14	0	1	3	2.6603952242817543	-0.3892349377622307	1.7957824908708893
3	0	0	1	1	3	2.265784589858468	-0.2857574367664903	1.5569704067026437
3	0	1	1	1	3	2.265784589858468	-0.2857574367664903	1.5569704067026437
3	0	2	1	1	3	2.265784589858468	-0.2857574367664903	1.5569704067026437
3	0	3	1	1	3	2.2527530402904086	-0.24719995274721906	1.6083152141640653
3	0	4	1	1	3	2.254311666270403	-0.290034280480131	1.5217399595924848
3	0	5	1	1	3	2.21060968103609	-0.23999695383303266	1.5702592485087217
3	0	6	1	1	3	2.6411292014844725	-0.47474698335748755	1.676751963718798
3	0	7	1	1	3	1.6698491816646888	-0.13192960568188727	1.1850637670556163
3	0	8	1	1	3	2.523776426518171	-0.3295095948476998	1.7261479304128966
3	0	9	1	1	3	2.3080629317450416	-0.2868846864179746	1.6105147634659231
3	0	10	1	1	3	2.265784589858468	-0.2857574367664903	1.5569704067026437
3	0	11	1	1	3	2.265784589858468	-0.2857574367664903	1.5569704067026437
3	0	12	1	1	3	2.265784589858468	-0.2857574367664903	1.5569704067026437
3	0	13	1	1	3	2.265784589858468	-0.2857574367664903	1.5569704067026437
3	0	14	1	1	3	2.265784589858468	-0.2857574367664903	1.5569704067026437
#HTOF
5	0	0	0	1	3	0.000000e+00	0.000000e+00	0.000000e+00
5	0	1	0	1	3	0.000000e+00	0.000000e+00	0.000000e+00
5	0	2	0	1	3	0.000000e+00	0.000000e+00	0.000000e+00
5	0	3	0	1	3	0.000000e+00	0.000000e+00	0.000000e+00
5	0	4	0	1	3	0.000000e+00	0.000000e+00	0.000000e+00
5	0	5	0	1	3	0.000000e+00	0.000000e+00	0.000000e+00
5	0	6	0	1	3	0.000000e+00	0.000000e+00	0.000000e+00
5	0	7	0	1	3	0.000000e+00	0.000000e+00	0.000000e+00
5	0	8	0	1	3	0.000000e+00	0.000000e+00	0.000000e+00
5	0	9	0	1	3	0.000000e+00	0.000000e+00	0.000000e+00
5	0	10	0	1	3	0.000000e+00	0.000000e+00	0.000000e+00
5	0	11	0	1	3	0.000000e+00	0.000000e+00	0.000000e+00
5	0	12	0	1	3	0.000000e+00	0.000000e+00	0.000000e+00
5	0	13	0	1	3	0.000000e+00	0.000000e+00	0.000000e+00
5	0	14	0	1	3	0.000000e+00	0.000000e+00	0.000000e+00
5	0	15	0	1	3	0.000000e+00	0.000000e+00	0.000000e+00
5	0	16	0	1	3	0.000000e+00	0.000000e+00	0.000000e+00
5	0	17	0	1	3	0.000000e+00	0.000000e+00	0.000000e+00
5	0	18	0	1	3	0.000000e+00	0.000000e+00	0.000000e+00
5	0	19	0	1	3	0.000000e+00	0.000000e+00	0.000000e+00
5	0	20	0	1	3	0.000000e+00	0.000000e+00	0.000000e+00
5	0	21	0	1	3	0.000000e+00	0.000000e+00	0.000000e+00
5	0	22	0	1	3	0.000000e+00	0.000000e+00	0.000000e+00
5	0	23	0	1	3	0.000000e+00	0.000000e+00	0.000000e+00
5	0	24	0	1	3	0.000000e+00	0.000000e+00	0.000000e+00
5	0	25	0	1	3	0.000000e+00	0.000000e+00	0.000000e+00
5	0	26	0	1	3	0.000000e+00	0.000000e+00	0.000000e+00
5	0	27	0	1	3	0.000000e+00	0.000000e+00	0.000000e+00
5	0	28	0	1	3	0.000000e+00	0.000000e+00	0.000000e+00
5	0	29	0	1	3	0.000000e+00	0.000000e+00	0.000000e+00
5	0	30	0	1	3	0.000000e+00	0.000000e+00	0.000000e+00
5	0	31	0	1	3	0.000000e+00	0.000000e+00	0.000000e+00
5	0	32	0	1	3	0.000000e+00	0.000000e+00	0.000000e+00
5	0	33	0	1	3	0.000000e+00	0.000000e+00	0.000000e+00
5	0	0	1	1	3	0.000000e+00	0.000000e+00	0.000000e+00
5	0	1	1	1	3	0.000000e+00	0.000000e+00	0.000000e+00
5	0	2	1	1	3	0.000000e+00	0.000000e+00	0.000000e+00
5	0	3	1	1	3	0.000000e+00	0.000000e+00	0.000000e+00
5	0	4	1	1	3	0.000000e+00	0.000000e+00	0.000000e+00
5	0	5	1	1	3	0.000000e+00	0.000000e+00	0.000000e+00
5	0	6	1	1	3	0.000000e+00	0.000000e+00	0.000000e+00
5	0	7	1	1	3	0.000000e+00	0.000000e+00	0.000000e+00
5	0	8	1	1	3	0.000000e+00	0.000000e+00	0.000000e+00
5	0	9	1	1	3	0.000000e+00	0.000000e+00	0.000000e+00
5	0	10	1	1	3	0.000000e+00	0.000000e+00	0.000000e+00
5	0	11	1	1	3	0.000000e+00	0.000000e+00	0.000000e+00
5	0	12	1	1	3	0.000000e+00	0.000000e+00	0.000000e+00
5	0	13	1	1	3	0.000000e+00	0.000000e+00	0.000000e+00
5	0	14	1	1	3	0.000000e+00	0.000000e+00	0.000000e+00
5	0	15	1	1	3	0.000000e+00	0.000000e+00	0.000000e+00
5	0	16	1	1	3	0.000000e+00	0.000000e+00	0.000000e+00
5	0	17	1	1	3	0.000000e+00	0.000000e+00	0.000000e+00
5	0	18	1	1	3	0.000000e+00	0.000000e+00	0.000000e+00
5	0	19	1	1	3	0.000000e+00	0.000000e+00	0.000000e+00
5	0	20	1	1	3	0.000000e+00	0.000000e+00	0.000000e+00
5	0	21	1	1	3	0.000000e+00	0.000000e+00	0.000000e+00
5	0	22	1	1	3	0.000000e+00	0.000000e+00	0.000000e+00
5	0	23	1	1	3	0.000000e+00	0.000000e+00	0.000000e+00
5	0	24	1	1	3	0.000000e+00	0.000000e+00	0.000000e+00
5	0	25	1	1	3	0.000000e+00	0.000000e+00	0.000000e+00
5	0	26	1	1	3	0.000000e+00	0.000000e+00	0.000000e+00
5	0	27	1	1	3	0.000000e+00	0.000000e+00	0.000000e+00
5	0	28	1	1	3	0.000000e+00	0.000000e+00	0.000000e+00
5	0	29	1	1	3	0.000000e+00	0.000000e+00	0.000000e+00
5	0	30	1	1	3	0.000000e+00	0.000000e+00	0.000000e+00
5	0	31	1	1	3	0.000000e+00	0.000000e+00	0.000000e+00
5	0	32	1	1	3	0.000000e+00	0.000000e+00	0.000000e+00
5	0	33	1	1	3	0.000000e+00	0.000000e+00	0.000000e+00
#T1
7	0	0	0	0	3	0.000000e+00	0.000000e+00	0.000000e+00
#CVC
8	0	0	0	1	3	0.000000e+00	0.000000e+00	0.000000e+00
8	0	1	0	1	3	0.000000e+00	0.000000e+00	0.000000e+00
8	0	2	0	1	3	0.000000e+00	0.000000e+00	0.000000e+00
8	0	3	0	1	3	0.000000e+00	0.000000e+00	0.000000e+00
8	0	4	0	1	3	0.000000e+00	0.000000e+00	0.000000e+00
8	0	5	0	1	3	0.000000e+00	0.000000e+00	0.000000e+00
8	0	6	0	1	3	0.000000e+00	0.000000e+00	0.000000e+00
8	0	7	0	1	3	0.000000e+00	0.000000e+00	0.000000e+00
8	0	0	1	1	3	0.000000e+00	0.000000e+00	0.000000e+00
8	0	1	1	1	3	0.000000e+00	0.000000e+00	0.000000e+00
8	0	2	1	1	3	0.000000e+00	0.000000e+00	0.000000e+00
8	0	3	1	1	3	0.000000e+00	0.000000e+00	0.000000e+00
8	0	4	1	1	3	0.000000e+00	0.000000e+00	0.000000e+00
8	0	5	1	1	3	0.000000e+00	0.000000e+00	0.000000e+00
8	0	6	1	1	3	0.000000e+00	0.000000e+00	0.000000e+00
8	0	7	1	1	3	0.000000e+00	0.000000e+00	0.000000e+00
#COBO
11	0	0	0	0	3	0.000000e+00	0.000000e+00	0.000000e+00
11	0	1	0	0	3	0.000000e+00	0.000000e+00	0.000000e+00
11	0	2	0	0	3	0.000000e+00	0.000000e+00	0.000000e+00
11	0	3	0	0	3	0.000000e+00	0.000000e+00	0.000000e+00
11	0	4	0	0	3	0.000000e+00	0.000000e+00	0.000000e+00
11	0	5	0	0	3	0.000000e+00	0.000000e+00	0.000000e+00
11	0	6	0	0	3	0.000000e+00	0.000000e+00	0.000000e+00
11	0	7	0	0	3	0.000000e+00	0.000000e+00	0.000000e+00
